1000
27 245
181 731
71 756
77 478
150 607
27 244
90 555
77 477
219 882
97 394
35 71
155 311
137 275
115 231
282 565
1 1000
272 545
272 763
144 582
144 581
144 583
144 636
486 973
486 976
235 471
235 504
36 316
36 315
36 317
36 380
54 109
54 175
294 589
294 723
199 399
199 799
124 759
124 758
124 760
124 965
73 298
73 297
73 299
73 365
354 709
354 840
69 139
69 150
139 279
139 498
155 626
155 625
155 627
155 916
305 611
305 737
6 615
6 614
6 616
6 624
28 483
28 482
28 484
28 496
236 473
236 661
173 347
173 413
116 711
116 710
116 712
116 828
117 474
117 473
117 475
117 540
66 556
66 555
66 557
66 605
1 78
1 77
1 79
1 90
58 625
58 624
58 626
58 675
225 451
225 794
55 726
55 725
55 727
55 790
339 679
339 729
229 459
229 796
13 450
13 449
13 451
13 513
165 666
165 665
165 667
165 838
82 684
82 683
82 685
82 711
50 428
50 427
50 429
50 441
248 497
248 980
212 854
212 853
212 855
212 885
309 619
309 718
260 521
260 570
439 879
439 945
255 511
255 957
167 335
167 543
122 494
122 493
122 495
122 559
302 605
302 988
20 590
20 589
20 591
20 658
288 577
288 921
19 180
19 179
19 181
19 217
55 226
55 225
55 227
55 310
92 374
92 373
92 375
92 505
37 819
37 818
37 820
37 917
48 97
48 120
56 113
56 190
17 117
17 116
17 118
17 159
142 574
142 573
142 575
142 708
118 478
118 477
118 479
118 548
318 637
318 720
218 437
218 546
153 618
153 617
153 619
153 710
75 465
75 464
75 466
75 592
253 507
253 592
65 846
65 845
65 847
65 955
16 915
130 526
130 525
130 527
130 621
12 637
12 636
12 638
12 694
67 417
67 416
67 418
67 535
79 159
79 164
265 531
265 819
12 25
12 32
242 485
242 629
33 138
33 137
33 139
33 202
221 443
221 599
167 335
167 450
346 693
346 819
46 190
46 189
46 191
46 211
209 842
209 841
209 843
209 859
27 177
27 176
27 178
27 207
128 257
128 477
181 730
181 729
181 731
181 799
312 625
312 978
124 759
124 758
124 760
124 773
47 749
47 748
47 750
47 853
116 711
116 710
116 712
116 757
368 737
368 857
184 369
184 468
104 860
104 859
104 861
104 947
130 526
130 525
130 527
130 669
4 22
4 21
4 23
4 27
114 462
114 461
114 463
114 603
208 417
208 630
152 305
152 610
44 380
44 379
44 381
44 474
311 623
311 707
302 605
302 834
57 234
57 233
57 235
57 299
38 522
38 521
38 523
38 566
46 291
46 290
46 292
46 357
278 557
278 772
233 467
233 502
3 738
3 737
3 739
3 795
88 732
88 731
88 733
88 811
278 557
278 914
208 417
208 628
81 855
81 854
81 856
81 924
187 754
187 753
187 755
187 795
69 734
69 736
69 748
42 173
42 175
42 229
326 920
221 633
39 127
145 585
145 587
145 687
383 778
82 333
82 335
82 482
73 452
73 454
73 575
279 782
167 673
167 675
167 906
183 737
183 739
183 962
11 350
11 352
11 369
64 195
41 775
41 777
41 803
14 769
14 771
14 822
25 780
25 782
25 830
386 988
419 885
129 417
237 754
32 364
32 366
32 369
15 714
15 716
15 754
170 433
170 685
170 687
170 904
283 871
364 873
51 677
51 679
51 788
40 759
40 761
40 855
279 925
279 794
249 546
84 700
115 386
147 593
147 595
147 874
205 814
70 587
70 589
70 678
221 814
140 427
108 891
108 893
108 927
83 874
83 876
83 986
346 870
42 569
42 571
42 591
69 734
69 736
69 765
388 814
34 663
34 665
34 737
31 354
31 356
31 403
372 789
21 779
21 781
21 813
336 772
292 646
117 473
117 475
117 497
100 218
255 593
57 749
57 751
57 797
158 637
158 639
158 787
179 653
429 921
146 589
146 591
146 670
213 619
162 653
162 655
162 899
302 953
182 398
180 403
179 721
179 723
179 845
93 377
93 379
93 458
136 506
105 240
132 806
132 808
132 927
30 109
108 437
108 439
108 613
238 518
266 745
293 694
214 491
115 704
115 706
115 850
85 345
85 347
85 510
194 508
14 233
14 235
14 278
270 917
100 827
100 829
100 871
266 730
242 966
120 340
287 783
304 805
71 595
71 597
71 716
149 601
149 603
149 736
57 749
57 751
57 787
292 743
46 734
46 736
46 799
113 457
113 459
113 635
158 637
158 639
158 667
116 467
34 141
34 143
34 207
158 626
134 541
134 543
134 614
185 745
185 747
185 987
138 312
291 951
283 918
127 999
460 921
194 625
87 982
200 785
78 171
141 564
142 669
43 353
24 976
431 941
112 373
214 978
113 868
240 593
54 873
89 367
113 489
76 755
117 517
104 856
85 306
236 733
27 117
329 716
71 791
105 878
110 305
242 900
6 262
163 537
146 657
323 665
268 760
316 660
126 963
132 736
268 791
264 844
250 642
141 433
188 588
100 420
405 937
31 546
120 742
86 330
321 653
317 671
443 927
134 748
139 621
118 663
147 468
166 436
106 230
4 859
98 277
286 610
103 572
95 841
124 285
202 413
168 611
15 947
119 752
117 275
109 617
187 495
27 342
208 457
112 482
348 992
355 934
28 60
99 222
137 366
98 375
54 368
230 473
1 553
115 578
21 840
281 827
216 465
348 864
55 717
358 762
246 723
104 537
18 489
84 432
70 315
65 373
219 680
278 794
194 469
42 218
268 552
274 765
136 662
1 869
271 795
244 603
74 336
49 820
324 829
82 302
277 737
128 886
291 792
199 743
100 435
86 335
310 817
165 379
52 499
39 972
348 824
211 481
397 971
2 442
379 875
347 798
33 158
262 850
83 474
311 681
119 251
86 991
326 961
161 733
75 724
248 705
93 572
75 948
396 929
197 977
76 957
199 662
28 73
165 983
166 652
48 755
383 982
343 739
317 693
169 499
22 706
45 523
129 573
200 717
273 717
34 231
367 954
49 739
82 602
25 953
355 981
124 871
120 303
357 956
357 978
148 500
210 826
292 609
134 786
271 584
212 666
279 842
154 490
37 906
174 361
60 132
374 828
20 951
109 685
26 128
151 920
90 465
206 912
83 221
395 999
83 191
128 484
103 763
301 873
69 725
20 152
99 992
15 885
54 419
235 852
269 728
78 577
6 482
374 978
44 780
5 862
63 607
140 308
181 523
109 481
163 769
328 668
184 975
121 928
236 558
208 437
296 697
2 746
59 620
70 939
13 871
129 404
22 741
113 386
357 992
149 486
186 458
231 766
192 441
318 660
96 697
163 430
127 378
258 869
54 402
98 366
17 339
67 362
7 566
80 754
46 656
83 824
254 706
176 806
48 797
185 511
109 366
264 823
386 828
70 544
47 550
78 606
341 693
317 755
130 488
128 734
321 849
280 652
447 926
187 547
326 905
153 946
243 665
104 876
86 927
182 804
184 891
1 476
142 733
29 589
450 965
126 259
92 823
266 723
235 629
287 776
346 761
79 769
206 685
170 375
68 198
387 978
64 605
23 815
138 686
21 426
221 784
8 267
441 970
259 863
268 961
50 902
302 656
214 797
1 773
206 513
205 652
201 762
179 584
60 633
164 470
33 254
345 826
21 891
265 905
359 879
75 794
166 695
308 682
105 837
107 634
267 858
319 801
370 814
35 480
45 161
4 758
196 684
248 684
285 965
322 827
407 886
13 806
331 871
394 794
129 577
335 950
24 814
130 531
451 944
184 932
251 634
80 818
90 965
351 996
25 227
164 610
70 761
227 590
18 704
227 547
171 350
243 727
400 831
267 897
324 834
43 208
243 876
66 303
84 707
117 838
38 380
94 478
445 968
79 454
381 981
15 860
66 492
28 704
291 780
104 349
324 904
85 402
31 968
138 690
294 837
75 844
155 749
217 745
220 829
216 935
52 594
177 946
366 883
322 709
358 983
2 579
6 88
357 917
148 337
34 503
80 483
1 388
25 172
123 327
122 889
351 726
15 976
363 806
277 850
115 798
414 874
55 650
81 491
194 549
139 600
61 997
162 991
51 896
71 435
220 690
105 719
120 830
56 513
148 1000
87 481
52 217
55 648
77 485
181 646
102 490
190 660
178 782
143 446
65 312
203 864
383 989
213 691
215 928
208 843
28 232
38 390
277 928
291 648
117 343
142 528
37 640
64 776
366 977
161 577
144 494
117 493
105 417
272 622
148 303
179 831
421 940
452 924
60 147
104 419
455 991
92 303
135 625
176 900
96 549
133 614
6 153
45 764
85 666
363 958
64 914
65 557
157 768
327 972
390 785
118 709
278 993
89 816
254 653
336 732
245 948
23 448
366 945
442 951
222 536
107 772
29 648
114 762
148 809
43 786
118 668
170 531
4 508
60 514
79 492
344 987
161 766
47 787
40 938
70 141
252 539
253 878
38 874
37 977
399 829
65 272
308 874
8 558
95 749
